503,0
952,0
957,0
733,1
517,0
256,0
474,0
296,0
494,1
224,0
482,1
217,0
218,1
660,1
286,1
704,1
610,0
834,0
361,1
619,1
588,1
428,0
765,1
641,0
411,0
759,0
176,0
720,1
284,0
243,0
120,0
777,0
498,0
924,0
439,0
614,1
292,1
514,1
671,0
45,0
936,0
660,0
595,0
806,1
536,0
277,1
841,0
823,0
358,1
742,0
236,1
170,0
943,0
661,0
896,0
62,0
699,0
500,0
208,1
261,0
569,0
585,1
493,1
58,1
781,0
593,0
650,1
186,0
619,0
363,1
795,0
768,0
175,0
609,0
272,0
290,0
302,0
118,1
301,0
613,1
522,1
513,1
81,1
132,0
380,1
872,0
84,1
678,0
508,0
366,0
913,0
637,0
26,0
871,0
451,1
490,1
496,0
287,1
375,0
947,0
711,0
610,1
567,0
680,0
741,1
111,0
653,0
327,1
129,0
620,1
628,0
791,0
706,1
177,1
591,1
892,0
86,1
571,0
867,0
457,1
54,1
516,0
221,1
113,1
178,0
282,0
799,1
174,1
579,0
568,0
18,1
423,1
373,0
285,1
592,0
428,1
524,0
730,1
31,1
754,1
770,0
214,1
822,0
326,1
560,1
152,0
599,1
587,0
341,1
147,1
360,1
83,1
48,1
468,1
155,1
465,0
950,0
733,0
634,0
500,1
179,1
50,0
629,1
705,1
528,1
346,1
413,0
922,0
651,1
891,0
807,1
601,1
98,0
243,1
95,0
492,0
312,1
435,1
866,0
75,0
308,1
430,1
370,1
566,1
781,1
181,1
150,0
621,1
600,0
130,0
745,0
817,0
296,1
420,0
461,1
719,0
730,0
377,1
134,0
188,0
126,1
185,0
172,0
355,1
749,0
328,0
700,1
209,1
712,1
140,1
457,0
369,0
74,0
583,0
124,0
856,0
313,0
693,1
255,0
10,1
693,0
174,0
282,1
291,1
626,1
756,1
722,1
129,1
323,1
114,0
677,1
225,0
839,0
694,1
701,1
86,0
723,0
158,1
475,0
634,1
516,1
450,0
597,1
195,1
646,0
81,0
410,1
96,1
648,0
759,1
156,1
419,1
681,0
477,1
565,0
668,1
636,0
67,0
339,0
447,1
33,0
178,1
390,1
578,1
69,0
704,0
61,0
960,0
245,0
547,0
137,0
53,0
664,1
142,1
530,0
451,0
210,0
636,1
805,0
322,0
615,1
294,1
745,1
870,0
88,1
41,1
898,0
131,1
480,0
491,0
151,0
830,0
136,0
164,1
724,1
290,1
864,0
308,0
348,1
571,1
778,1
857,0
128,0
878,0
351,0
7,0
458,1
375,1
333,1
299,0
747,0
476,0
459,0
102,0
832,0
777,1
328,1
31,0
318,1
766,0
554,0
725,0
167,1
12,1
171,1
649,1
260,1
326,0
432,0
672,1
258,1
360,0
138,1
549,1
27,0
539,0
289,0
769,0
558,1
139,1
727,0
531,1
224,1
723,1
786,1
815,0
409,1
325,1
127,0
299,1
309,0
461,0
103,0
833,0
714,1
193,1
440,1
573,1
503,1
605,1
797,0
771,0
3,1
877,0
278,0
467,1
321,1
5,1
222,1
547,1
228,1
39,1
542,1
242,1
189,0
136,1
743,0
581,0
12,0
445,1
109,0
441,0
218,0
804,0
581,1
751,0
931,0
661,1
436,1
831,0
376,1
493,0
314,1
442,1
602,0
319,1
281,1
275,0
249,0
518,0
424,1
553,1
594,1
925,0
368,1
417,0
76,0
954,0
620,0
43,0
227,1
162,0
262,0
361,0
126,0
66,1
393,1
579,1
24,1
211,1
548,0
144,1
536,1
811,1
574,0
89,0
85,1
784,0
272,1
330,0
242,0
88,0
793,0
630,1
478,0
844,0
399,0
206,0
505,1
273,1
221,0
352,0
362,1
617,0
622,1
2,1
6,1
916,0
311,1
384,0
546,0
665,1
364,1
934,0
215,1
512,0
27,1
456,0
525,1
812,0
118,0
638,1
302,1
718,1
691,1
575,0
390,0
624,1
7,1
256,1
803,1
25,1
336,1
572,1
47,1
495,0
106,1
349,1
55,1
238,1
213,1
120,1
535,0
195,0
793,1
72,1
110,0
0,0
796,0
77,1
173,0
45,1
808,0
523,1
232,1
644,1
486,0
522,0
251,0
533,1
644,0
523,0
603,1
465,1
513,0
788,1
690,0
238,0
656,0
60,1
356,0
370,0
92,1
666,1
810,0
686,0
194,1
280,1
695,1
153,0
359,1
865,0
519,1
458,0
263,0
231,0
35,0
182,1
394,0
404,0
110,1
273,0
300,0
277,0
42,1
746,1
125,1
204,1
921,0
52,1
510,0
545,1
68,1
192,0
433,0
507,1
689,0
329,1
291,0
183,1
137,1
87,0
796,1
132,1
80,1
613,0
105,1
552,0
541,1
201,0
171,0
480,1
165,1
248,1
307,1
181,0
446,1
321,0
46,0
334,1
267,0
37,0
97,1
305,1
935,0
737,1
304,0
477,0
421,1
102,1
434,1
74,1
775,0
819,0
106,0
738,0
794,0
677,0
762,1
177,0
388,1
235,1
267,1
246,0
117,1
612,0
673,1
249,1
471,0
94,1
33,1
481,0
948,0
448,1
716,1
449,0
531,0
0,1
402,0
82,1
652,0
676,1
753,0
234,0
770,1
271,0
325,0
589,0
504,0
404,1
734,0
490,0
104,1
688,1
343,0
14,0
62,1
40,0
782,0
223,1
145,1
373,1
762,0
806,0
676,0
607,0
316,0
9,1
449,1
708,1
255,1
70,0
389,1
96,0
112,0
702,0
408,0
460,1
556,0
146,0
501,1
739,1
953,0
56,0
731,1
539,1
697,1
418,0
732,0
219,0
372,1
667,1
538,0
357,1
155,0
783,1
735,1
223,0
158,0
905,0
502,0
506,0
692,0
712,0
73,0
79,1
2,0
483,0
671,1
544,0
57,1
133,1
121,0
763,0
11,0
504,1
761,0
347,1
386,1
212,0
82,0
16,0
861,0
475,1
608,0
422,0
652,1
172,1
38,1
713,1
90,1
901,0
63,0
380,0
281,0
447,0
920,0
499,1
338,1
28,1
357,0
800,0
133,0
169,1
100,0
491,1
141,0
285,0
220,0
587,1
750,1
657,1
234,1
732,1
344,0
487,0
632,0
122,0
253,0
108,1
553,0
568,1
355,0
362,0
78,0
135,0
236,0
381,0
398,0
466,0
72,0
674,0
38,0
734,1
717,1
454,1
264,1
75,1
444,1
395,1
176,1
230,0
728,0
425,0
907,0
595,1
61,1
60,0
505,0
851,0
278,1
36,1
662,1
787,0
464,0
165,0
580,0
738,1
191,1
107,0
456,1
675,1
760,1
788,0
728,1
412,1
286,0
13,0
511,0
616,1
114,1
417,1
876,0
157,0
604,1
883,0
89,1
36,0
533,0
882,0
753,1
498,1
11,1
396,1
284,1
254,0
379,0
690,1
635,0
848,0
689,1
39,0
159,1
83,0
590,0
257,1
335,1
852,0
227,0
515,1
203,0
768,1
737,0
761,1
434,0
391,0
900,0
945,0
521,1
22,1
356,1
741,0
340,1
431,1
473,1
217,1
99,0
415,0
629,0
199,0
955,0
93,1
196,0
258,0
280,0
594,0
696,1
776,0
184,0
153,1
287,0
715,0
959,0
789,1
580,1
703,1
400,0
668,0
448,0
487,1
559,1
329,0
307,0
801,1
512,1
633,1
611,0
923,0
338,0
790,1
116,1
740,1
269,0
18,0
119,1
656,1
941,0
635,1
369,1
268,1
655,1
123,0
10,0
54,0
46,1
705,0
179,0
64,0
773,1
407,0
961,0
4,1
191,0
718,0
263,1
888,0
809,0
443,1
190,0
265,0
25,0
774,0
304,1
566,0
313,1
149,1
336,0
401,0
574,1
50,1
561,0
726,1
21,0
303,0
354,0
470,1
159,0
653,1
399,1
511,1
320,1
19,1
684,1
35,1
90,0
15,0
779,0
407,1
108,0
537,1
758,1
250,0
387,0
245,1
315,0
784,1
489,1
154,1
149,0
41,0
499,0
625,1
685,1
752,0
569,1
874,0
17,1
127,1
534,0
467,0
930,0
115,0
168,0
926,0
190,1
327,0
180,0
917,0
659,0
606,1
180,1
301,1
496,1
694,0
706,0
664,0
642,0
517,1
946,0
257,0
476,1
157,1
431,0
383,0
16,1
260,0
933,0
546,1
658,1
630,0
207,0
665,0
147,0
854,0
283,1
797,1
649,0
225,1
26,1
757,0
437,1
911,0
576,0
229,1
37,1
749,1
233,0
586,0
469,1
691,0
929,0
687,1
820,0
639,1
709,0
406,0
346,0
603,0
658,0
488,0
802,0
800,1
160,1
144,0
374,0
9,0
682,0
65,0
101,0
152,1
814,0
509,1
323,0
438,0
886,0
103,1
633,0
631,0
586,1
755,0
331,0
53,1
151,1
403,1
906,0
207,1
863,0
310,0
740,0
8,1
202,0
910,0
248,0
452,1
253,1
515,0
84,0
726,0
68,0
858,0
623,1
345,1
829,0
262,1
509,0
626,0
150,1
472,1
640,1
944,0
855,0
550,1
116,0
488,1
792,0
359,0
146,1
919,0
402,1
142,0
850,0
659,1
560,0
463,1
537,0
186,1
335,0
412,0
608,1
143,1
751,1
169,0
197,1
71,0
279,1
293,1
803,0
400,1
122,1
395,0
202,1
650,0
23,0
246,1
627,0
869,0
853,0
341,0
614,0
384,1
746,0
42,0
219,1
641,1
1,1
112,1
698,1
880,0
139,0
739,0
598,0
597,0
721,0
479,0
789,0
441,1
708,0
324,0
444,0
838,0
585,0
663,1
813,0
445,0
760,0
317,1
648,1
622,0
667,0
709,1
570,0
470,0
160,0
627,1
632,1
494,0
588,0
596,0
436,0
915,0
442,0
684,0
559,0
717,0
542,0
890,0
868,0
825,0
795,1
645,1
200,0
556,1
681,1
577,1
297,0
454,0
371,0
524,1
247,0
540,1
382,0
748,1
828,0
618,0
484,1
95,1
208,0
563,1
452,0
742,1
51,0
786,0
672,0
79,0
765,0
226,0
206,1
392,1
794,1
58,0
397,1
766,1
818,0
429,0
216,0
642,1
860,0
612,1
148,0
758,0
725,1
683,1
98,1
804,1
785,0
406,1
502,1
259,0
244,0
117,0
779,1
200,1
134,1
239,0
40,1
205,0
230,1
701,0
378,1
288,1
418,1
391,1
592,1
710,0
350,0
274,0
683,0
647,1
340,0
555,0
520,1
64,1
14,1
368,0
252,0
492,1
379,1
187,1
763,1
216,1
791,1
264,0
66,0
337,1
719,1
295,1
204,0
463,0
673,0
455,1
958,0
3,0
269,1
183,0
201,1
161,1
767,0
729,1
401,1
702,1
688,0
317,0
565,1
601,0
209,0
213,0
599,0
773,0
292,0
205,1
34,1
775,1
508,1
639,0
666,0
932,0
578,0
91,1
551,0
85,0
564,1
557,0
776,1
241,1
13,1
315,1
600,1
387,1
485,0
166,1
28,0
20,1
646,1
696,0
342,0
716,0
19,0
455,0
778,0
562,1
914,0
686,1
145,0
189,1
163,0
699,1
687,0
893,0
510,1
270,0
474,1
772,0
44,0
747,1
252,1
21,1
525,0
459,1
372,0
276,1
143,0
403,0
385,1
805,1
625,0
703,0
343,1
769,1
520,0
873,0
130,1
875,0
59,0
311,0
584,0
87,1
670,0
330,1
426,0
466,1
121,1
826,0
232,0
912,0
283,0
318,0
482,0
48,0
647,0
314,0
